
====================================================
2 point group: Matrix group over Rational Field with 1 generators (
[-1  0  0]
[ 0 -1  0]
[ 0  0 -1]
)
group elements:
[1 0 0]
[0 1 0]
[0 0 1]
[-1  0  0]
[ 0 -1  0]
[ 0  0 -1]

----------------normalizers-------------------------
False

====================================================
3 point group: Matrix group over Rational Field with 1 generators (
[-1  0  0]
[ 0  1  0]
[ 0  0 -1]
)
group elements:
[1 0 0]
[0 1 0]
[0 0 1]
[-1  0  0]
[ 0  1  0]
[ 0  0 -1]

----------------normalizers-------------------------
[x2  0 x1]
[ 0 x0  0]
[x3  0 x4]


====================================================
6 point group: Matrix group over Rational Field with 1 generators (
[ 1  0  0]
[ 0 -1  0]
[ 0  0  1]
)
group elements:
[1 0 0]
[0 1 0]
[0 0 1]
[ 1  0  0]
[ 0 -1  0]
[ 0  0  1]

----------------normalizers-------------------------
[x3  0 x2]
[ 0 x0  0]
[x1  0 x4]


====================================================
10 point group: Matrix group over Rational Field with 2 generators (
[ 1  0  0]  [-1  0  0]
[ 0 -1  0]  [ 0  1  0]
[ 0  0  1], [ 0  0 -1]
)
group elements:
[1 0 0]
[0 1 0]
[0 0 1]
[-1  0  0]
[ 0  1  0]
[ 0  0 -1]
[ 1  0  0]
[ 0 -1  0]
[ 0  0  1]
[-1  0  0]
[ 0 -1  0]
[ 0  0 -1]

----------------normalizers-------------------------
[x2  0 x0]
[ 0 x1  0]
[x4  0 x3]


====================================================
16 point group: Matrix group over Rational Field with 2 generators (
[-1  0  0]  [-1  0  0]
[ 0  1  0]  [ 0 -1  0]
[ 0  0 -1], [ 0  0  1]
)
group elements:
[1 0 0]
[0 1 0]
[0 0 1]
[-1  0  0]
[ 0 -1  0]
[ 0  0  1]
[-1  0  0]
[ 0  1  0]
[ 0  0 -1]
[ 1  0  0]
[ 0 -1  0]
[ 0  0 -1]

----------------normalizers-------------------------
[x1  0  0]
[ 0  0 x2]
[ 0 x0  0]

[ 0  0 x0]
[x1  0  0]
[ 0 x2  0]

[x2  0  0]
[ 0 x1  0]
[ 0  0 x0]

[ 0  0 x2]
[ 0 x0  0]
[x1  0  0]

[ 0 x0  0]
[x1  0  0]
[ 0  0 x2]

[ 0 x1  0]
[ 0  0 x0]
[x2  0  0]


====================================================
25 point group: Matrix group over Rational Field with 2 generators (
[ 1  0  0]  [-1  0  0]
[ 0 -1  0]  [ 0 -1  0]
[ 0  0  1], [ 0  0  1]
)
group elements:
[1 0 0]
[0 1 0]
[0 0 1]
[-1  0  0]
[ 0 -1  0]
[ 0  0  1]
[ 1  0  0]
[ 0 -1  0]
[ 0  0  1]
[-1  0  0]
[ 0  1  0]
[ 0  0  1]

----------------normalizers-------------------------
[x1  0  0]
[ 0 x0  0]
[ 0  0 x2]

[ 0 x0  0]
[x1  0  0]
[ 0  0 x2]


====================================================
47 point group: Matrix group over Rational Field with 3 generators (
[-1  0  0]  [-1  0  0]  [-1  0  0]
[ 0  1  0]  [ 0  1  0]  [ 0 -1  0]
[ 0  0  1], [ 0  0 -1], [ 0  0  1]
)
group elements:
[1 0 0]
[0 1 0]
[0 0 1]
[-1  0  0]
[ 0 -1  0]
[ 0  0  1]
[ 1  0  0]
[ 0  1  0]
[ 0  0 -1]
[-1  0  0]
[ 0 -1  0]
[ 0  0 -1]
[-1  0  0]
[ 0  1  0]
[ 0  0  1]
[ 1  0  0]
[ 0 -1  0]
[ 0  0  1]
[-1  0  0]
[ 0  1  0]
[ 0  0 -1]
[ 1  0  0]
[ 0 -1  0]
[ 0  0 -1]

----------------normalizers-------------------------
[ 0  0 x1]
[ 0 x2  0]
[x0  0  0]

[ 0 x2  0]
[ 0  0 x1]
[x0  0  0]

[x1  0  0]
[ 0  0 x2]
[ 0 x0  0]

[x2  0  0]
[ 0 x1  0]
[ 0  0 x0]

[ 0  0 x0]
[x1  0  0]
[ 0 x2  0]

[ 0 x2  0]
[x0  0  0]
[ 0  0 x1]


====================================================
75 point group: Matrix group over Rational Field with 1 generators (
[ 0  1  0]
[-1  0  0]
[ 0  0  1]
)
group elements:
[1 0 0]
[0 1 0]
[0 0 1]
[-1  0  0]
[ 0 -1  0]
[ 0  0  1]
[ 0 -1  0]
[ 1  0  0]
[ 0  0  1]
[ 0  1  0]
[-1  0  0]
[ 0  0  1]

----------------normalizers-------------------------
[ x2  x0   0]
[ x0 -x2   0]
[  0   0  x1]

[ x0 -x1   0]
[ x1  x0   0]
[  0   0  x2]


====================================================
81 point group: Matrix group over Rational Field with 1 generators (
[ 0 -1  0]
[ 1  0  0]
[ 0  0 -1]
)
group elements:
[1 0 0]
[0 1 0]
[0 0 1]
[ 0  1  0]
[-1  0  0]
[ 0  0 -1]
[-1  0  0]
[ 0 -1  0]
[ 0  0  1]
[ 0 -1  0]
[ 1  0  0]
[ 0  0 -1]

----------------normalizers-------------------------
[ x0  x1   0]
[ x1 -x0   0]
[  0   0  x2]

[ x1 -x2   0]
[ x2  x1   0]
[  0   0  x0]


====================================================
83 point group: Matrix group over Rational Field with 2 generators (
[ 1  0  0]  [ 0  1  0]
[ 0  1  0]  [-1  0  0]
[ 0  0 -1], [ 0  0  1]
)
group elements:
[1 0 0]
[0 1 0]
[0 0 1]
[ 0 -1  0]
[ 1  0  0]
[ 0  0  1]
[-1  0  0]
[ 0 -1  0]
[ 0  0  1]
[ 0  1  0]
[-1  0  0]
[ 0  0  1]
[ 1  0  0]
[ 0  1  0]
[ 0  0 -1]
[ 0 -1  0]
[ 1  0  0]
[ 0  0 -1]
[-1  0  0]
[ 0 -1  0]
[ 0  0 -1]
[ 0  1  0]
[-1  0  0]
[ 0  0 -1]

----------------normalizers-------------------------
[-x2  x0   0]
[ x0  x2   0]
[  0   0  x1]

[ x0 -x1   0]
[ x1  x0   0]
[  0   0  x2]


====================================================
89 point group: Matrix group over Rational Field with 2 generators (
[ 1  0  0]  [ 0  1  0]
[ 0 -1  0]  [-1  0  0]
[ 0  0 -1], [ 0  0  1]
)
group elements:
[1 0 0]
[0 1 0]
[0 0 1]
[ 0 -1  0]
[ 1  0  0]
[ 0  0  1]
[ 0  1  0]
[ 1  0  0]
[ 0  0 -1]
[-1  0  0]
[ 0 -1  0]
[ 0  0  1]
[ 1  0  0]
[ 0 -1  0]
[ 0  0 -1]
[ 0 -1  0]
[-1  0  0]
[ 0  0 -1]
[ 0  1  0]
[-1  0  0]
[ 0  0  1]
[-1  0  0]
[ 0  1  0]
[ 0  0 -1]

----------------normalizers-------------------------
[ x0  x0   0]
[ x0 -x0   0]
[  0   0  x1]

[ x1 -x1   0]
[ x1  x1   0]
[  0   0  x0]

[ x0   0   0]
[  0 -x0   0]
[  0   0  x1]

[x0  0  0]
[ 0 x0  0]
[ 0  0 x1]

[-x0  x0   0]
[ x0  x0   0]
[  0   0  x1]

[-x1 -x1   0]
[ x1 -x1   0]
[  0   0  x0]

[ 0 x1  0]
[x1  0  0]
[ 0  0 x0]

[  0 -x1   0]
[ x1   0   0]
[  0   0  x0]


====================================================
99 point group: Matrix group over Rational Field with 2 generators (
[ 1  0  0]  [ 0  1  0]
[ 0 -1  0]  [-1  0  0]
[ 0  0  1], [ 0  0  1]
)
group elements:
[1 0 0]
[0 1 0]
[0 0 1]
[-1  0  0]
[ 0  1  0]
[ 0  0  1]
[ 0  1  0]
[-1  0  0]
[ 0  0  1]
[ 0 -1  0]
[-1  0  0]
[ 0  0  1]
[ 1  0  0]
[ 0 -1  0]
[ 0  0  1]
[-1  0  0]
[ 0 -1  0]
[ 0  0  1]
[0 1 0]
[1 0 0]
[0 0 1]
[ 0 -1  0]
[ 1  0  0]
[ 0  0  1]

----------------normalizers-------------------------
[  0  x1   0]
[-x1   0   0]
[  0   0  x0]

[ 0 x1  0]
[x1  0  0]
[ 0  0 x0]

[-x1 -x1   0]
[ x1 -x1   0]
[  0   0  x0]

[-x1  x1   0]
[ x1  x1   0]
[  0   0  x0]

[x0  0  0]
[ 0 x0  0]
[ 0  0 x1]

[ x0   0   0]
[  0 -x0   0]
[  0   0  x1]

[-x1  x1   0]
[-x1 -x1   0]
[  0   0  x0]

[ x1  x1   0]
[ x1 -x1   0]
[  0   0  x0]


====================================================
111 point group: Matrix group over Rational Field with 2 generators (
[ 1  0  0]  [ 0 -1  0]
[ 0 -1  0]  [ 1  0  0]
[ 0  0 -1], [ 0  0 -1]
)
group elements:
[1 0 0]
[0 1 0]
[0 0 1]
[ 0  1  0]
[-1  0  0]
[ 0  0 -1]
[ 0 -1  0]
[-1  0  0]
[ 0  0  1]
[-1  0  0]
[ 0 -1  0]
[ 0  0  1]
[ 1  0  0]
[ 0 -1  0]
[ 0  0 -1]
[0 1 0]
[1 0 0]
[0 0 1]
[ 0 -1  0]
[ 1  0  0]
[ 0  0 -1]
[-1  0  0]
[ 0  1  0]
[ 0  0 -1]

----------------normalizers-------------------------
[ x0   0   0]
[  0 -x0   0]
[  0   0  x1]

[x0  0  0]
[ 0 x0  0]
[ 0  0 x1]

[ 0 x1  0]
[x1  0  0]
[ 0  0 x0]

[  0 -x1   0]
[ x1   0   0]
[  0   0  x0]


====================================================
115 point group: Matrix group over Rational Field with 2 generators (
[ 1  0  0]  [ 0 -1  0]
[ 0 -1  0]  [ 1  0  0]
[ 0  0  1], [ 0  0 -1]
)
group elements:
[1 0 0]
[0 1 0]
[0 0 1]
[ 0  1  0]
[-1  0  0]
[ 0  0 -1]
[ 0 -1  0]
[-1  0  0]
[ 0  0 -1]
[-1  0  0]
[ 0 -1  0]
[ 0  0  1]
[ 1  0  0]
[ 0 -1  0]
[ 0  0  1]
[ 0  1  0]
[ 1  0  0]
[ 0  0 -1]
[ 0 -1  0]
[ 1  0  0]
[ 0  0 -1]
[-1  0  0]
[ 0  1  0]
[ 0  0  1]

----------------normalizers-------------------------
[ x0   0   0]
[  0 -x0   0]
[  0   0  x1]

[x0  0  0]
[ 0 x0  0]
[ 0  0 x1]

[ 0 x1  0]
[x1  0  0]
[ 0  0 x0]

[  0  x1   0]
[-x1   0   0]
[  0   0  x0]


====================================================
123 point group: Matrix group over Rational Field with 3 generators (
[ 1  0  0]  [ 1  0  0]  [ 0  1  0]
[ 0 -1  0]  [ 0 -1  0]  [-1  0  0]
[ 0  0  1], [ 0  0 -1], [ 0  0  1]
)
group elements:
[1 0 0]
[0 1 0]
[0 0 1]
[ 0 -1  0]
[ 1  0  0]
[ 0  0  1]
[0 1 0]
[1 0 0]
[0 0 1]
[-1  0  0]
[ 0 -1  0]
[ 0  0  1]
[ 1  0  0]
[ 0 -1  0]
[ 0  0  1]
[ 0 -1  0]
[-1  0  0]
[ 0  0  1]
[ 0  1  0]
[-1  0  0]
[ 0  0  1]
[-1  0  0]
[ 0  1  0]
[ 0  0  1]
[ 1  0  0]
[ 0  1  0]
[ 0  0 -1]
[ 0 -1  0]
[ 1  0  0]
[ 0  0 -1]
[ 0  1  0]
[ 1  0  0]
[ 0  0 -1]
[-1  0  0]
[ 0 -1  0]
[ 0  0 -1]
[ 1  0  0]
[ 0 -1  0]
[ 0  0 -1]
[ 0 -1  0]
[-1  0  0]
[ 0  0 -1]
[ 0  1  0]
[-1  0  0]
[ 0  0 -1]
[-1  0  0]
[ 0  1  0]
[ 0  0 -1]

----------------normalizers-------------------------

[ x0  x0   0]
[ x0 -x0   0]
[  0   0  x1]

[ x1 -x1   0]
[ x1  x1   0]
[  0   0  x0]

[ x0   0   0]
[  0 -x0   0]
[  0   0  x1]

[x0  0  0]
[ 0 x0  0]
[ 0  0 x1]

[-x1  x1   0]
[ x1  x1   0]
[  0   0  x0]

[-x1 -x1   0]
[ x1 -x1   0]
[  0   0  x0]

[ 0 x1  0]
[x1  0  0]
[ 0  0 x0]

[  0 -x1   0]
[ x1   0   0]
[  0   0  x0]


====================================================
143 point group: Matrix group over Rational Field with 1 generators (
[ 0  1  0]
[-1 -1  0]
[ 0  0  1]
)
group elements:
[1 0 0]
[0 1 0]
[0 0 1]
[-1 -1  0]
[ 1  0  0]
[ 0  0  1]
[ 0  1  0]
[-1 -1  0]
[ 0  0  1]

----------------normalizers-------------------------
[     x0 x0 + x1       0]
[     x1     -x0       0]
[      0       0      x2]

[     x0     -x1       0]
[     x1 x0 + x1       0]
[      0       0      x2]


====================================================
147 point group: Matrix group over Rational Field with 1 generators (
[ 0 -1  0]
[ 1  1  0]
[ 0  0 -1]
)
group elements:
[1 0 0]
[0 1 0]
[0 0 1]
[ 1  1  0]
[-1  0  0]
[ 0  0 -1]
[ 0  1  0]
[-1 -1  0]
[ 0  0  1]
[-1  0  0]
[ 0 -1  0]
[ 0  0 -1]
[-1 -1  0]
[ 1  0  0]
[ 0  0  1]
[ 0 -1  0]
[ 1  1  0]
[ 0  0 -1]

----------------normalizers-------------------------
[     -x0 -x0 + x1        0]
[      x1       x0        0]
[       0        0       x2]

[      x0  x0 - x1        0]
[-x0 + x1       x1        0]
[       0        0       x2]


====================================================
149 point group: Matrix group over Rational Field with 2 generators (
[ 0 -1  0]  [ 0  1  0]
[-1  0  0]  [-1 -1  0]
[ 0  0 -1], [ 0  0  1]
)
group elements:
[1 0 0]
[0 1 0]
[0 0 1]
[-1 -1  0]
[ 1  0  0]
[ 0  0  1]
[ 1  1  0]
[ 0 -1  0]
[ 0  0 -1]
[ 0 -1  0]
[-1  0  0]
[ 0  0 -1]
[-1  0  0]
[ 1  1  0]
[ 0  0 -1]
[ 0  1  0]
[-1 -1  0]
[ 0  0  1]

----------------normalizers-------------------------
[-x1   0   0]
[ x1  x1   0]
[  0   0  x0]

[  0  x0   0]
[-x0 -x0   0]
[  0   0  x1]

[ 0 x1  0]
[x1  0  0]
[ 0  0 x0]

[x0  0  0]
[ 0 x0  0]
[ 0  0 x1]

[ x0  x0   0]
[  0 -x0   0]
[  0   0  x1]

[ x0  x0   0]
[-x0   0   0]
[  0   0  x1]


====================================================
150 point group: Matrix group over Rational Field with 2 generators (
[ 0  1  0]  [ 0  1  0]
[ 1  0  0]  [-1 -1  0]
[ 0  0 -1], [ 0  0  1]
)
group elements:
[1 0 0]
[0 1 0]
[0 0 1]
[-1 -1  0]
[ 1  0  0]
[ 0  0  1]
[-1 -1  0]
[ 0  1  0]
[ 0  0 -1]
[ 0  1  0]
[ 1  0  0]
[ 0  0 -1]
[ 1  0  0]
[-1 -1  0]
[ 0  0 -1]
[ 0  1  0]
[-1 -1  0]
[ 0  0  1]

----------------normalizers-------------------------
[ x0   0   0]
[-x0 -x0   0]
[  0   0  x1]

[  0  x1   0]
[-x1 -x1   0]
[  0   0  x0]

[ 0 x1  0]
[x1  0  0]
[ 0  0 x0]

[x1  0  0]
[ 0 x1  0]
[ 0  0 x0]

[ x1  x1   0]
[  0 -x1   0]
[  0   0  x0]

[ x0  x0   0]
[-x0   0   0]
[  0   0  x1]


====================================================
156 point group: Matrix group over Rational Field with 2 generators (
[ 0 -1  0]  [ 0  1  0]
[-1  0  0]  [-1 -1  0]
[ 0  0  1], [ 0  0  1]
)
group elements:
[1 0 0]
[0 1 0]
[0 0 1]
[ 0  1  0]
[-1 -1  0]
[ 0  0  1]
[-1 -1  0]
[ 1  0  0]
[ 0  0  1]
[ 0 -1  0]
[-1  0  0]
[ 0  0  1]
[ 1  1  0]
[ 0 -1  0]
[ 0  0  1]
[-1  0  0]
[ 1  1  0]
[ 0  0  1]

----------------normalizers-------------------------
[x0  0  0]
[ 0 x0  0]
[ 0  0 x1]

[ 0 x1  0]
[x1  0  0]
[ 0  0 x0]

[  0  x0   0]
[-x0 -x0   0]
[  0   0  x1]

[ x0   0   0]
[-x0 -x0   0]
[  0   0  x1]

[ x1  x1   0]
[-x1   0   0]
[  0   0  x0]

[ x1  x1   0]
[  0 -x1   0]
[  0   0  x0]


====================================================
157 point group: Matrix group over Rational Field with 2 generators (
[0 1 0]  [ 0  1  0]
[1 0 0]  [-1 -1  0]
[0 0 1], [ 0  0  1]
)
group elements:
[1 0 0]
[0 1 0]
[0 0 1]
[ 0  1  0]
[-1 -1  0]
[ 0  0  1]
[-1 -1  0]
[ 1  0  0]
[ 0  0  1]
[0 1 0]
[1 0 0]
[0 0 1]
[-1 -1  0]
[ 0  1  0]
[ 0  0  1]
[ 1  0  0]
[-1 -1  0]
[ 0  0  1]

----------------normalizers-------------------------
[x1  0  0]
[ 0 x1  0]
[ 0  0 x0]

[ 0 x1  0]
[x1  0  0]
[ 0  0 x0]

[  0 -x0   0]
[ x0  x0   0]
[  0   0  x1]

[-x0   0   0]
[ x0  x0   0]
[  0   0  x1]

[ x0  x0   0]
[-x0   0   0]
[  0   0  x1]

[ x1  x1   0]
[  0 -x1   0]
[  0   0  x0]


====================================================
162 point group: Matrix group over Rational Field with 2 generators (
[ 0 -1  0]  [ 0 -1  0]
[-1  0  0]  [ 1  1  0]
[ 0  0 -1], [ 0  0 -1]
)
group elements:
[1 0 0]
[0 1 0]
[0 0 1]
[ 1  1  0]
[-1  0  0]
[ 0  0 -1]
[-1 -1  0]
[ 0  1  0]
[ 0  0  1]
[-1  0  0]
[ 0 -1  0]
[ 0  0 -1]
[-1 -1  0]
[ 1  0  0]
[ 0  0  1]
[ 1  1  0]
[ 0 -1  0]
[ 0  0 -1]
[ 0 -1  0]
[-1  0  0]
[ 0  0 -1]
[ 1  0  0]
[-1 -1  0]
[ 0  0  1]
[ 0 -1  0]
[ 1  1  0]
[ 0  0 -1]
[0 1 0]
[1 0 0]
[0 0 1]
[-1  0  0]
[ 1  1  0]
[ 0  0 -1]
[ 0  1  0]
[-1 -1  0]
[ 0  0  1]

----------------normalizers-------------------------
[ x0   0   0]
[-x0 -x0   0]
[  0   0  x1]

[  0  x1   0]
[-x1 -x1   0]
[  0   0  x0]

[ 0 x1  0]
[x1  0  0]
[ 0  0 x0]

[x1  0  0]
[ 0 x1  0]
[ 0  0 x0]

[ x0  x0   0]
[  0 -x0   0]
[  0   0  x1]

[ x1  x1   0]
[-x1   0   0]
[  0   0  x0]


====================================================
164 point group: Matrix group over Rational Field with 2 generators (
[ 0  1  0]  [ 0 -1  0]
[ 1  0  0]  [ 1  1  0]
[ 0  0 -1], [ 0  0 -1]
)
group elements:
[1 0 0]
[0 1 0]
[0 0 1]
[ 1  1  0]
[-1  0  0]
[ 0  0 -1]
[ 1  1  0]
[ 0 -1  0]
[ 0  0  1]
[-1  0  0]
[ 0 -1  0]
[ 0  0 -1]
[-1 -1  0]
[ 1  0  0]
[ 0  0  1]
[-1 -1  0]
[ 0  1  0]
[ 0  0 -1]
[ 0  1  0]
[ 1  0  0]
[ 0  0 -1]
[-1  0  0]
[ 1  1  0]
[ 0  0  1]
[ 0 -1  0]
[ 1  1  0]
[ 0  0 -1]
[ 0 -1  0]
[-1  0  0]
[ 0  0  1]
[ 1  0  0]
[-1 -1  0]
[ 0  0 -1]
[ 0  1  0]
[-1 -1  0]
[ 0  0  1]

----------------normalizers-------------------------
[ x0   0   0]
[-x0 -x0   0]
[  0   0  x1]

[  0  x1   0]
[-x1 -x1   0]
[  0   0  x0]

[ 0 x1  0]
[x1  0  0]
[ 0  0 x0]

[x1  0  0]
[ 0 x1  0]
[ 0  0 x0]

[ x0  x0   0]
[  0 -x0   0]
[  0   0  x1]

[ x1  x1   0]
[-x1   0   0]
[  0   0  x0]


====================================================
168 point group: Matrix group over Rational Field with 1 generators (
[ 0 -1  0]
[ 1  1  0]
[ 0  0  1]
)
group elements:
[1 0 0]
[0 1 0]
[0 0 1]
[ 1  1  0]
[-1  0  0]
[ 0  0  1]
[ 0  1  0]
[-1 -1  0]
[ 0  0  1]
[-1  0  0]
[ 0 -1  0]
[ 0  0  1]
[-1 -1  0]
[ 1  0  0]
[ 0  0  1]
[ 0 -1  0]
[ 1  1  0]
[ 0  0  1]

----------------normalizers-------------------------
[     x2 x0 + x2       0]
[     x0     -x2       0]
[      0       0      x1]

[     x0     -x1       0]
[     x1 x0 + x1       0]
[      0       0      x2]


====================================================
174 point group: Matrix group over Rational Field with 1 generators (
[ 0  1  0]
[-1 -1  0]
[ 0  0 -1]
)
group elements:
[1 0 0]
[0 1 0]
[0 0 1]
[-1 -1  0]
[ 1  0  0]
[ 0  0 -1]
[ 0  1  0]
[-1 -1  0]
[ 0  0  1]
[ 1  0  0]
[ 0  1  0]
[ 0  0 -1]
[-1 -1  0]
[ 1  0  0]
[ 0  0  1]
[ 0  1  0]
[-1 -1  0]
[ 0  0 -1]

----------------normalizers-------------------------
[     x2 x0 + x2       0]
[     x0     -x2       0]
[      0       0      x1]

[     x0     -x1       0]
[     x1 x0 + x1       0]
[      0       0      x2]


====================================================
175 point group: Matrix group over Rational Field with 2 generators (
[-1  0  0]  [ 0  1  0]
[ 0 -1  0]  [-1 -1  0]
[ 0  0  1], [ 0  0 -1]
)
group elements:
[1 0 0]
[0 1 0]
[0 0 1]
[-1 -1  0]
[ 1  0  0]
[ 0  0 -1]
[ 0  1  0]
[-1 -1  0]
[ 0  0  1]
[ 1  0  0]
[ 0  1  0]
[ 0  0 -1]
[-1 -1  0]
[ 1  0  0]
[ 0  0  1]
[ 0  1  0]
[-1 -1  0]
[ 0  0 -1]
[-1  0  0]
[ 0 -1  0]
[ 0  0  1]
[ 1  1  0]
[-1  0  0]
[ 0  0 -1]
[ 0 -1  0]
[ 1  1  0]
[ 0  0  1]
[-1  0  0]
[ 0 -1  0]
[ 0  0 -1]
[ 1  1  0]
[-1  0  0]
[ 0  0  1]
[ 0 -1  0]
[ 1  1  0]
[ 0  0 -1]

----------------normalizers-------------------------
[     x1 x1 + x2       0]
[     x2     -x1       0]
[      0       0      x0]

[     x0     -x1       0]
[     x1 x0 + x1       0]
[      0       0      x2]


====================================================
177 point group: Matrix group over Rational Field with 2 generators (
[ 1  0  0]  [ 0 -1  0]
[-1 -1  0]  [ 1  1  0]
[ 0  0 -1], [ 0  0  1]
)
group elements:
[1 0 0]
[0 1 0]
[0 0 1]
[ 1  1  0]
[-1  0  0]
[ 0  0  1]
[ 0 -1  0]
[-1  0  0]
[ 0  0 -1]
[-1  0  0]
[ 0 -1  0]
[ 0  0  1]
[-1 -1  0]
[ 1  0  0]
[ 0  0  1]
[ 0  1  0]
[ 1  0  0]
[ 0  0 -1]
[ 1  0  0]
[-1 -1  0]
[ 0  0 -1]
[ 1  1  0]
[ 0 -1  0]
[ 0  0 -1]
[ 0 -1  0]
[ 1  1  0]
[ 0  0  1]
[-1  0  0]
[ 1  1  0]
[ 0  0 -1]
[-1 -1  0]
[ 0  1  0]
[ 0  0 -1]
[ 0  1  0]
[-1 -1  0]
[ 0  0  1]

----------------normalizers-------------------------
[ -x0   x0    0]
[2*x0   x0    0]
[   0    0   x1]

[     x1  1/2*x1       0]
[-1/2*x1  1/2*x1       0]
[      0       0      x0]

[ x0  x0   0]
[  0 -x0   0]
[  0   0  x1]

[  0 -x0   0]
[ x0  x0   0]
[  0   0  x1]

[-x1   0   0]
[ x1  x1   0]
[  0   0  x0]

[x1  0  0]
[ 0 x1  0]
[ 0  0 x0]

[     x1  1/2*x1       0]
[-1/2*x1     -x1       0]
[      0       0      x0]

[  -x1    x1     0]
[  -x1 -2*x1     0]
[    0     0    x0]

[  x1 2*x1    0]
[  x1  -x1    0]
[   0    0   x0]

[ 1/2*x1      x1       0]
[    -x1 -1/2*x1       0]
[      0       0      x0]

[ 0 x1  0]
[x1  0  0]
[ 0  0 x0]

[ x1  x1   0]
[-x1   0   0]
[  0   0  x0]


====================================================
183 point group: Matrix group over Rational Field with 2 generators (
[ 1  0  0]  [ 0 -1  0]
[-1 -1  0]  [ 1  1  0]
[ 0  0  1], [ 0  0  1]
)
group elements:
[1 0 0]
[0 1 0]
[0 0 1]
[ 1  1  0]
[-1  0  0]
[ 0  0  1]
[ 0 -1  0]
[-1  0  0]
[ 0  0  1]
[-1  0  0]
[ 0 -1  0]
[ 0  0  1]
[-1 -1  0]
[ 1  0  0]
[ 0  0  1]
[0 1 0]
[1 0 0]
[0 0 1]
[ 1  0  0]
[-1 -1  0]
[ 0  0  1]
[ 1  1  0]
[ 0 -1  0]
[ 0  0  1]
[ 0 -1  0]
[ 1  1  0]
[ 0  0  1]
[-1  0  0]
[ 1  1  0]
[ 0  0  1]
[-1 -1  0]
[ 0  1  0]
[ 0  0  1]
[ 0  1  0]
[-1 -1  0]
[ 0  0  1]

----------------normalizers-------------------------
[   x1   -x1     0]
[-2*x1   -x1     0]
[    0     0    x0]

[2*x1   x1    0]
[ -x1   x1    0]
[   0    0   x0]

[ x0  x0   0]
[  0 -x0   0]
[  0   0  x1]

[  0 -x1   0]
[ x1  x1   0]
[  0   0  x0]

[-x1   0   0]
[ x1  x1   0]
[  0   0  x0]

[x0  0  0]
[ 0 x0  0]
[ 0  0 x1]

[     x0  1/2*x0       0]
[-1/2*x0     -x0       0]
[      0       0      x1]

[  x1  -x1    0]
[  x1 2*x1    0]
[   0    0   x0]

[  x0 2*x0    0]
[  x0  -x0    0]
[   0    0   x1]

[   x1  2*x1     0]
[-2*x1   -x1     0]
[    0     0    x0]

[ 0 x1  0]
[x1  0  0]
[ 0  0 x0]

[ x0  x0   0]
[-x0   0   0]
[  0   0  x1]


====================================================
187 point group: Matrix group over Rational Field with 2 generators (
[ 0 -1  0]  [ 0  1  0]
[-1  0  0]  [-1 -1  0]
[ 0  0  1], [ 0  0 -1]
)
group elements:
[1 0 0]
[0 1 0]
[0 0 1]
[-1 -1  0]
[ 1  0  0]
[ 0  0 -1]
[ 1  1  0]
[ 0 -1  0]
[ 0  0 -1]
[ 0 -1  0]
[-1  0  0]
[ 0  0 -1]
[-1  0  0]
[ 1  1  0]
[ 0  0  1]
[ 0  1  0]
[-1 -1  0]
[ 0  0  1]
[ 0 -1  0]
[-1  0  0]
[ 0  0  1]
[-1  0  0]
[ 1  1  0]
[ 0  0 -1]
[ 0  1  0]
[-1 -1  0]
[ 0  0 -1]
[ 1  0  0]
[ 0  1  0]
[ 0  0 -1]
[-1 -1  0]
[ 1  0  0]
[ 0  0  1]
[ 1  1  0]
[ 0 -1  0]
[ 0  0  1]

----------------normalizers-------------------------
[ x1  x1   0]
[  0 -x1   0]
[  0   0  x0]

[ x1  x1   0]
[-x1   0   0]
[  0   0  x0]

[ 0 x1  0]
[x1  0  0]
[ 0  0 x0]

[x0  0  0]
[ 0 x0  0]
[ 0  0 x1]

[-x0   0   0]
[ x0  x0   0]
[  0   0  x1]

[  0 -x1   0]
[ x1  x1   0]
[  0   0  x0]


====================================================
189 point group: Matrix group over Rational Field with 2 generators (
[ 1  0  0]  [ 0  1  0]
[-1 -1  0]  [-1 -1  0]
[ 0  0  1], [ 0  0 -1]
)
group elements:
[1 0 0]
[0 1 0]
[0 0 1]
[-1 -1  0]
[ 1  0  0]
[ 0  0 -1]
[ 0  1  0]
[ 1  0  0]
[ 0  0 -1]
[ 1  0  0]
[-1 -1  0]
[ 0  0 -1]
[-1 -1  0]
[ 0  1  0]
[ 0  0  1]
[ 0  1  0]
[-1 -1  0]
[ 0  0  1]
[ 1  0  0]
[-1 -1  0]
[ 0  0  1]
[-1 -1  0]
[ 0  1  0]
[ 0  0 -1]
[ 0  1  0]
[-1 -1  0]
[ 0  0 -1]
[ 1  0  0]
[ 0  1  0]
[ 0  0 -1]
[-1 -1  0]
[ 1  0  0]
[ 0  0  1]
[0 1 0]
[1 0 0]
[0 0 1]

----------------normalizers-------------------------
[ 0 x1  0]
[x1  0  0]
[ 0  0 x0]

[ x1  x1   0]
[-x1   0   0]
[  0   0  x0]

[-x0   0   0]
[ x0  x0   0]
[  0   0  x1]

[x0  0  0]
[ 0 x0  0]
[ 0  0 x1]

[ x0  x0   0]
[  0 -x0   0]
[  0   0  x1]

[  0 -x1   0]
[ x1  x1   0]
[  0   0  x0]


====================================================
191 point group: Matrix group over Rational Field with 3 generators (
[ 1  0  0]  [-1  0  0]  [0 1 0]
[-1 -1  0]  [ 0 -1  0]  [1 0 0]
[ 0  0 -1], [ 0  0  1], [0 0 1]
)
group elements:
[1 0 0]
[0 1 0]
[0 0 1]
[0 1 0]
[1 0 0]
[0 0 1]
[-1 -1  0]
[ 1  0  0]
[ 0  0 -1]
[ 1  0  0]
[-1 -1  0]
[ 0  0 -1]
[ 0  1  0]
[-1 -1  0]
[ 0  0 -1]
[-1 -1  0]
[ 0  1  0]
[ 0  0  1]
[-1  0  0]
[ 0 -1  0]
[ 0  0  1]
[ 0 -1  0]
[-1  0  0]
[ 0  0  1]
[ 1  1  0]
[-1  0  0]
[ 0  0 -1]
[-1  0  0]
[ 1  1  0]
[ 0  0 -1]
[ 0 -1  0]
[ 1  1  0]
[ 0  0 -1]
[ 1  1  0]
[ 0 -1  0]
[ 0  0  1]
[ 1  0  0]
[-1 -1  0]
[ 0  0  1]
[ 0  1  0]
[-1 -1  0]
[ 0  0  1]
[-1 -1  0]
[ 0  1  0]
[ 0  0 -1]
[ 1  0  0]
[ 0  1  0]
[ 0  0 -1]
[ 0  1  0]
[ 1  0  0]
[ 0  0 -1]
[-1 -1  0]
[ 1  0  0]
[ 0  0  1]
[-1  0  0]
[ 1  1  0]
[ 0  0  1]
[ 0 -1  0]
[ 1  1  0]
[ 0  0  1]
[ 1  1  0]
[ 0 -1  0]
[ 0  0 -1]
[-1  0  0]
[ 0 -1  0]
[ 0  0 -1]
[ 0 -1  0]
[-1  0  0]
[ 0  0 -1]
[ 1  1  0]
[-1  0  0]
[ 0  0  1]

----------------normalizers-------------------------
[x1  0  0]
[ 0 x1  0]
[ 0  0 x0]

[-x1   0   0]
[ x1  x1   0]
[  0   0  x0]

[ 1/2*x1      x1       0]
[    -x1 -1/2*x1       0]
[      0       0      x0]

[  x1 2*x1    0]
[  x1  -x1    0]
[   0    0   x0]

[ 0 x1  0]
[x1  0  0]
[ 0  0 x0]

[ x0  x0   0]
[-x0   0   0]
[  0   0  x1]

[  0 -x1   0]
[ x1  x1   0]
[  0   0  x0]

[ x1  x1   0]
[  0 -x1   0]
[  0   0  x0]

[     x0  1/2*x0       0]
[-1/2*x0     -x0       0]
[      0       0      x1]

[  x1  -x1    0]
[  x1 2*x1    0]
[   0    0   x0]

[     x1  1/2*x1       0]
[-1/2*x1  1/2*x1       0]
[      0       0      x0]

[ -x0   x0    0]
[2*x0   x0    0]
[   0    0   x1]


====================================================
195 point group: Matrix group over Rational Field with 2 generators (
[0 1 0]  [ 1  0  0]
[0 0 1]  [ 0 -1  0]
[1 0 0], [ 0  0 -1]
)
group elements:
[1 0 0]
[0 1 0]
[0 0 1]
[-1  0  0]
[ 0  1  0]
[ 0  0 -1]
[-1  0  0]
[ 0 -1  0]
[ 0  0  1]
[ 1  0  0]
[ 0 -1  0]
[ 0  0 -1]
[0 0 1]
[1 0 0]
[0 1 0]
[ 0  0 -1]
[-1  0  0]
[ 0  1  0]
[ 0  0  1]
[-1  0  0]
[ 0 -1  0]
[ 0  0 -1]
[ 1  0  0]
[ 0 -1  0]
[0 1 0]
[0 0 1]
[1 0 0]
[ 0  1  0]
[ 0  0 -1]
[-1  0  0]
[ 0 -1  0]
[ 0  0  1]
[-1  0  0]
[ 0 -1  0]
[ 0  0 -1]
[ 1  0  0]

----------------normalizers-------------------------
[ 0 x0  0]
[x0  0  0]
[ 0  0 x0]

[ 0  0 x0]
[ 0 x0  0]
[x0  0  0]

[x0  0  0]
[ 0  0 x0]
[ 0 x0  0]

[  0 -x0   0]
[ x0   0   0]
[  0   0  x0]

[  0   0  x0]
[  0 -x0   0]
[-x0   0   0]

[ x0   0   0]
[  0   0 -x0]
[  0 -x0   0]

[  0  x0   0]
[-x0   0   0]
[  0   0  x0]

[  0   0  x0]
[  0 -x0   0]
[ x0   0   0]

[ x0   0   0]
[  0   0 -x0]
[  0  x0   0]

[  0 -x0   0]
[-x0   0   0]
[  0   0  x0]

[  0   0  x0]
[  0  x0   0]
[-x0   0   0]

[ x0   0   0]
[  0   0  x0]
[  0 -x0   0]

[ 0  0 x0]
[x0  0  0]
[ 0 x0  0]

[ 0 x0  0]
[ 0  0 x0]
[x0  0  0]

[x0  0  0]
[ 0 x0  0]
[ 0  0 x0]

[  0   0  x0]
[ x0   0   0]
[  0 -x0   0]

[  0  x0   0]
[  0   0  x0]
[-x0   0   0]

[-x0   0   0]
[  0 -x0   0]
[  0   0  x0]

[  0   0  x0]
[-x0   0   0]
[  0 -x0   0]

[  0 -x0   0]
[  0   0  x0]
[ x0   0   0]

[-x0   0   0]
[  0  x0   0]
[  0   0  x0]

[  0   0 -x0]
[ x0   0   0]
[  0 -x0   0]

[  0  x0   0]
[  0   0 -x0]
[ x0   0   0]

[ x0   0   0]
[  0 -x0   0]
[  0   0  x0]


====================================================
200 point group: Matrix group over Rational Field with 2 generators (
[ 1  0  0]  [ 0 -1  0]
[ 0 -1  0]  [ 0  0 -1]
[ 0  0 -1], [-1  0  0]
)
group elements:
[1 0 0]
[0 1 0]
[0 0 1]
[-1  0  0]
[ 0 -1  0]
[ 0  0  1]
[ 0  1  0]
[ 0  0 -1]
[-1  0  0]
[ 0 -1  0]
[ 0  0  1]
[-1  0  0]
[ 0  0 -1]
[ 1  0  0]
[ 0 -1  0]
[ 0  0  1]
[-1  0  0]
[ 0 -1  0]
[ 1  0  0]
[ 0 -1  0]
[ 0  0  1]
[-1  0  0]
[ 0  1  0]
[ 0  0  1]
[ 0  1  0]
[ 0  0  1]
[-1  0  0]
[ 0 -1  0]
[ 0  0 -1]
[-1  0  0]
[ 0  0 -1]
[-1  0  0]
[ 0 -1  0]
[ 0  0  1]
[ 1  0  0]
[ 0 -1  0]
[ 1  0  0]
[ 0  1  0]
[ 0  0 -1]
[-1  0  0]
[ 0 -1  0]
[ 0  0 -1]
[ 0  1  0]
[ 0  0 -1]
[ 1  0  0]
[ 0 -1  0]
[ 0  0  1]
[ 1  0  0]
[ 0  0 -1]
[ 1  0  0]
[ 0  1  0]
[ 0  0  1]
[-1  0  0]
[ 0  1  0]
[ 1  0  0]
[ 0 -1  0]
[ 0  0 -1]
[-1  0  0]
[ 0  1  0]
[ 0  0 -1]
[0 1 0]
[0 0 1]
[1 0 0]
[ 0 -1  0]
[ 0  0 -1]
[ 1  0  0]
[ 0  0 -1]
[-1  0  0]
[ 0  1  0]
[0 0 1]
[1 0 0]
[0 1 0]

----------------normalizers-------------------------
[  0  x0   0]
[  0   0 -x0]
[ x0   0   0]

[ 0 x0  0]
[ 0  0 x0]
[x0  0  0]

[ 0  0 x0]
[ 0 x0  0]
[x0  0  0]

[  0   0  x0]
[  0 -x0   0]
[-x0   0   0]

[  0 -x0   0]
[  0   0  x0]
[ x0   0   0]

[  0  x0   0]
[  0   0  x0]
[-x0   0   0]

[  0   0  x0]
[  0 -x0   0]
[ x0   0   0]

[  0   0  x0]
[  0  x0   0]
[-x0   0   0]

[ x0   0   0]
[  0 -x0   0]
[  0   0  x0]

[x0  0  0]
[ 0 x0  0]
[ 0  0 x0]

[x0  0  0]
[ 0  0 x0]
[ 0 x0  0]

[ x0   0   0]
[  0   0 -x0]
[  0 -x0   0]

[-x0   0   0]
[  0  x0   0]
[  0   0  x0]

[-x0   0   0]
[  0 -x0   0]
[  0   0  x0]

[ x0   0   0]
[  0   0 -x0]
[  0  x0   0]

[ x0   0   0]
[  0   0  x0]
[  0 -x0   0]

[  0   0  x0]
[-x0   0   0]
[  0  x0   0]

[ 0  0 x0]
[x0  0  0]
[ 0 x0  0]

[ 0 x0  0]
[x0  0  0]
[ 0  0 x0]

[  0 -x0   0]
[ x0   0   0]
[  0   0  x0]

[  0   0  x0]
[-x0   0   0]
[  0 -x0   0]

[  0   0  x0]
[ x0   0   0]
[  0 -x0   0]

[  0  x0   0]
[-x0   0   0]
[  0   0  x0]

[  0 -x0   0]
[-x0   0   0]
[  0   0  x0]


====================================================
207 point group: Matrix group over Rational Field with 2 generators (
[0 1 0]  [-1  0  0]
[0 0 1]  [ 0  0  1]
[1 0 0], [ 0  1  0]
)
group elements:
[1 0 0]
[0 1 0]
[0 0 1]
[ 1  0  0]
[ 0 -1  0]
[ 0  0 -1]
[-1  0  0]
[ 0  1  0]
[ 0  0 -1]
[-1  0  0]
[ 0 -1  0]
[ 0  0  1]
[0 0 1]
[1 0 0]
[0 1 0]
[ 0  0 -1]
[ 1  0  0]
[ 0 -1  0]
[ 0  0 -1]
[-1  0  0]
[ 0  1  0]
[ 0  0  1]
[-1  0  0]
[ 0 -1  0]
[0 1 0]
[0 0 1]
[1 0 0]
[ 0 -1  0]
[ 0  0 -1]
[ 1  0  0]
[ 0  1  0]
[ 0  0 -1]
[-1  0  0]
[ 0 -1  0]
[ 0  0  1]
[-1  0  0]
[-1  0  0]
[ 0  0 -1]
[ 0 -1  0]
[-1  0  0]
[ 0  0  1]
[ 0  1  0]
[ 1  0  0]
[ 0  0  1]
[ 0 -1  0]
[ 1  0  0]
[ 0  0 -1]
[ 0  1  0]
[ 0  0 -1]
[ 0 -1  0]
[-1  0  0]
[ 0  0  1]
[ 0  1  0]
[-1  0  0]
[ 0  0  1]
[ 0 -1  0]
[ 1  0  0]
[ 0  0 -1]
[ 0  1  0]
[ 1  0  0]
[ 0 -1  0]
[-1  0  0]
[ 0  0 -1]
[ 0  1  0]
[-1  0  0]
[ 0  0  1]
[ 0 -1  0]
[ 1  0  0]
[ 0  0  1]
[ 0  1  0]
[ 1  0  0]
[ 0  0 -1]

----------------normalizers-------------------------
[x0  0  0]
[ 0  0 x0]
[ 0 x0  0]

[ 0 x0  0]
[x0  0  0]
[ 0  0 x0]

[ 0  0 x0]
[ 0 x0  0]
[x0  0  0]

[ x0   0   0]
[  0   0  x0]
[  0 -x0   0]

[  0 -x0   0]
[-x0   0   0]
[  0   0  x0]

[  0   0  x0]
[  0  x0   0]
[-x0   0   0]

[ x0   0   0]
[  0   0 -x0]
[  0 -x0   0]

[  0 -x0   0]
[ x0   0   0]
[  0   0  x0]

[  0   0  x0]
[  0 -x0   0]
[-x0   0   0]

[ x0   0   0]
[  0   0 -x0]
[  0  x0   0]

[  0  x0   0]
[-x0   0   0]
[  0   0  x0]

[  0   0  x0]
[  0 -x0   0]
[ x0   0   0]

[x0  0  0]
[ 0 x0  0]
[ 0  0 x0]

[ 0  0 x0]
[x0  0  0]
[ 0 x0  0]

[ 0 x0  0]
[ 0  0 x0]
[x0  0  0]

[ x0   0   0]
[  0 -x0   0]
[  0   0  x0]

[  0   0  x0]
[-x0   0   0]
[  0  x0   0]

[  0  x0   0]
[  0   0 -x0]
[ x0   0   0]

[-x0   0   0]
[  0 -x0   0]
[  0   0  x0]

[  0   0  x0]
[ x0   0   0]
[  0 -x0   0]

[  0  x0   0]
[  0   0  x0]
[-x0   0   0]

[-x0   0   0]
[  0  x0   0]
[  0   0  x0]

[  0   0  x0]
[-x0   0   0]
[  0 -x0   0]

[  0  x0   0]
[  0   0 -x0]
[-x0   0   0]


====================================================
215 point group: Matrix group over Rational Field with 2 generators (
[0 1 0]  [ 1  0  0]
[0 0 1]  [ 0  0 -1]
[1 0 0], [ 0 -1  0]
)
group elements:
[1 0 0]
[0 1 0]
[0 0 1]
[-1  0  0]
[ 0  1  0]
[ 0  0 -1]
[0 1 0]
[0 0 1]
[1 0 0]
[ 0 -1  0]
[ 0  0  1]
[-1  0  0]
[0 0 1]
[1 0 0]
[0 1 0]
[ 0  0 -1]
[ 1  0  0]
[ 0 -1  0]
[ 1  0  0]
[ 0 -1  0]
[ 0  0 -1]
[-1  0  0]
[ 0 -1  0]
[ 0  0  1]
[ 0  1  0]
[ 0  0 -1]
[-1  0  0]
[ 0 -1  0]
[ 0  0 -1]
[ 1  0  0]
[ 0  0  1]
[-1  0  0]
[ 0 -1  0]
[ 0  0 -1]
[-1  0  0]
[ 0  1  0]
[ 1  0  0]
[ 0  0 -1]
[ 0 -1  0]
[-1  0  0]
[ 0  0  1]
[ 0 -1  0]
[ 0  1  0]
[-1  0  0]
[ 0  0 -1]
[ 0 -1  0]
[ 1  0  0]
[ 0  0 -1]
[ 0  0  1]
[ 0 -1  0]
[-1  0  0]
[ 0  0 -1]
[ 0  1  0]
[-1  0  0]
[1 0 0]
[0 0 1]
[0 1 0]
[-1  0  0]
[ 0  0 -1]
[ 0  1  0]
[0 1 0]
[1 0 0]
[0 0 1]
[ 0 -1  0]
[-1  0  0]
[ 0  0  1]
[0 0 1]
[0 1 0]
[1 0 0]
[ 0  0 -1]
[ 0 -1  0]
[ 1  0  0]

----------------normalizers-------------------------
[x0  0  0]
[ 0 x0  0]
[ 0  0 x0]

[ 0  0 x0]
[x0  0  0]
[ 0 x0  0]

[ 0 x0  0]
[ 0  0 x0]
[x0  0  0]

[-x0   0   0]
[  0  x0   0]
[  0   0  x0]

[  0  x0   0]
[  0   0 -x0]
[-x0   0   0]

[  0   0  x0]
[-x0   0   0]
[  0 -x0   0]

[x0  0  0]
[ 0  0 x0]
[ 0 x0  0]

[ 0 x0  0]
[x0  0  0]
[ 0  0 x0]

[ 0  0 x0]
[ 0 x0  0]
[x0  0  0]

[ x0   0   0]
[  0   0  x0]
[  0 -x0   0]

[  0   0  x0]
[  0  x0   0]
[-x0   0   0]

[  0 -x0   0]
[-x0   0   0]
[  0   0  x0]

[-x0   0   0]
[  0 -x0   0]
[  0   0  x0]

[  0  x0   0]
[  0   0  x0]
[-x0   0   0]

[  0   0  x0]
[ x0   0   0]
[  0 -x0   0]

[  0   0  x0]
[-x0   0   0]
[  0  x0   0]

[ x0   0   0]
[  0 -x0   0]
[  0   0  x0]

[  0  x0   0]
[  0   0 -x0]
[ x0   0   0]

[  0  x0   0]
[-x0   0   0]
[  0   0  x0]

[ x0   0   0]
[  0   0 -x0]
[  0  x0   0]

[  0   0  x0]
[  0 -x0   0]
[ x0   0   0]

[ x0   0   0]
[  0   0 -x0]
[  0 -x0   0]

[  0   0  x0]
[  0 -x0   0]
[-x0   0   0]

[  0 -x0   0]
[ x0   0   0]
[  0   0  x0]


====================================================
221 point group: Matrix group over Rational Field with 2 generators (
[-1  0  0]  [ 0  1  0]
[ 0  0 -1]  [ 0  0  1]
[ 0 -1  0], [-1  0  0]
)
group elements:
[1 0 0]
[0 1 0]
[0 0 1]
[ 1  0  0]
[ 0 -1  0]
[ 0  0 -1]
[-1  0  0]
[ 0  1  0]
[ 0  0 -1]
[-1  0  0]
[ 0 -1  0]
[ 0  0  1]
[ 0 -1  0]
[ 0  0  1]
[-1  0  0]
[ 0 -1  0]
[ 0  0 -1]
[ 1  0  0]
[0 1 0]
[0 0 1]
[1 0 0]
[ 0  1  0]
[ 0  0 -1]
[-1  0  0]
[ 0  0 -1]
[-1  0  0]
[ 0  1  0]
[ 0  0 -1]
[ 1  0  0]
[ 0 -1  0]
[ 0  0  1]
[-1  0  0]
[ 0 -1  0]
[0 0 1]
[1 0 0]
[0 1 0]
[-1  0  0]
[ 0  0 -1]
[ 0 -1  0]
[-1  0  0]
[ 0  0  1]
[ 0  1  0]
[ 1  0  0]
[ 0  0  1]
[ 0 -1  0]
[ 1  0  0]
[ 0  0 -1]
[ 0  1  0]
[ 0  1  0]
[ 1  0  0]
[ 0  0 -1]
[ 0  1  0]
[-1  0  0]
[ 0  0  1]
[ 0 -1  0]
[-1  0  0]
[ 0  0 -1]
[ 0 -1  0]
[ 1  0  0]
[ 0  0  1]
[ 0  0  1]
[ 0 -1  0]
[ 1  0  0]
[ 0  0  1]
[ 0  1  0]
[-1  0  0]
[ 0  0 -1]
[ 0  1  0]
[ 1  0  0]
[ 0  0 -1]
[ 0 -1  0]
[-1  0  0]
[-1  0  0]
[ 0  1  0]
[ 0  0  1]
[-1  0  0]
[ 0 -1  0]
[ 0  0 -1]
[ 1  0  0]
[ 0  1  0]
[ 0  0 -1]
[ 1  0  0]
[ 0 -1  0]
[ 0  0  1]
[ 0  1  0]
[ 0  0  1]
[-1  0  0]
[ 0  1  0]
[ 0  0 -1]
[ 1  0  0]
[ 0 -1  0]
[ 0  0  1]
[ 1  0  0]
[ 0 -1  0]
[ 0  0 -1]
[-1  0  0]
[ 0  0  1]
[-1  0  0]
[ 0  1  0]
[ 0  0  1]
[ 1  0  0]
[ 0 -1  0]
[ 0  0 -1]
[-1  0  0]
[ 0 -1  0]
[ 0  0 -1]
[ 1  0  0]
[ 0  1  0]
[ 1  0  0]
[ 0  0 -1]
[ 0 -1  0]
[1 0 0]
[0 0 1]
[0 1 0]
[-1  0  0]
[ 0  0  1]
[ 0 -1  0]
[-1  0  0]
[ 0  0 -1]
[ 0  1  0]
[ 0 -1  0]
[ 1  0  0]
[ 0  0 -1]
[ 0 -1  0]
[-1  0  0]
[ 0  0  1]
[ 0  1  0]
[-1  0  0]
[ 0  0 -1]
[0 1 0]
[1 0 0]
[0 0 1]
[ 0  0 -1]
[ 0 -1  0]
[ 1  0  0]
[ 0  0 -1]
[ 0  1  0]
[-1  0  0]
[0 0 1]
[0 1 0]
[1 0 0]
[ 0  0  1]
[ 0 -1  0]
[-1  0  0]

----------------normalizers-------------------------
[x0  0  0]
[ 0 x0  0]
[ 0  0 x0]

[-x0   0   0]
[  0  x0   0]
[  0   0  x0]

[x0  0  0]
[ 0  0 x0]
[ 0 x0  0]

[ x0   0   0]
[  0   0 -x0]
[  0 -x0   0]

[-x0   0   0]
[  0 -x0   0]
[  0   0  x0]

[ x0   0   0]
[  0 -x0   0]
[  0   0  x0]

[ x0   0   0]
[  0   0 -x0]
[  0  x0   0]

[ x0   0   0]
[  0   0  x0]
[  0 -x0   0]

[  0  x0   0]
[  0   0 -x0]
[ x0   0   0]

[  0  x0   0]
[  0   0 -x0]
[-x0   0   0]

[  0   0  x0]
[  0 -x0   0]
[-x0   0   0]

[  0   0  x0]
[  0 -x0   0]
[ x0   0   0]

[  0  x0   0]
[  0   0  x0]
[-x0   0   0]

[ 0 x0  0]
[ 0  0 x0]
[x0  0  0]

[  0   0  x0]
[  0  x0   0]
[-x0   0   0]

[ 0  0 x0]
[ 0 x0  0]
[x0  0  0]

[  0   0  x0]
[-x0   0   0]
[  0 -x0   0]

[  0   0  x0]
[ x0   0   0]
[  0 -x0   0]

[  0 -x0   0]
[ x0   0   0]
[  0   0  x0]

[  0 -x0   0]
[-x0   0   0]
[  0   0  x0]

[  0   0  x0]
[-x0   0   0]
[  0  x0   0]

[ 0  0 x0]
[x0  0  0]
[ 0 x0  0]

[  0  x0   0]
[-x0   0   0]
[  0   0  x0]

[ 0 x0  0]
[x0  0  0]
[ 0  0 x0]

